885518
403469
257745
6027
622085
154695
583300
2217
250149
2744
159534
600576
141390
561235
733712
699248
866148
720849
428838
6695
893
91974
218431
163294
6843
3671
246173
404008
607299
1981
452930
125488
40678
489596
5974
206627
210308
158267
335455
3924
795647
83108
769209
134375
545147
2804
228018
403068
405032
443707
438032
1156
4028
670303
132215
66417
195514
217790
181453
565975
456110
5097
8911
634093
118163
9183
208933
2830
78439
7998
698062
782273
381766
196880
149264
7530
547663
19441
209043
5403
238406
338049
18198
80605
155022
473239
386973
91618
1514
1509
3390
924911
944782
233712
108404
33340
524193
425998
140566
540458
15
33173
7301
20151
6067
620861
3802
244267
9058
61707
45437
73231
335906
400026
348724
544146
322909
250973
215453
794356
172601
382565
2097
187371
125875
715
70277
124818
421192
609643
694456
459340
464332
344672
504594
7267
164417
51916
68543
178341
798268
2373
119813
40132
4627
369061
192439
227913
581918
4928
562504
4004
570411
432385
378013
560076
406872
12358
167342
39220
107760
196246
22
650077
7615
57162
3625
235664
383164
160009
101327
5467
423231
2418
616557
66436
183244
4173
179574
462095
221
894
223277
312798
469060
3761
382314
13101
290312
106070
253483
161612
15521
1595
281252
124475
2639
236653
423048
608177
2919
6196
258809
78555
7606
8323
8802
85375
465238
816479
259881
366
256162
3970
466072
348582
108488
717
443152
255985
346542
7626
667826
22035
252749
79185
220071
251
385800
628
163983
514524
14992
724502
78561
389416
179071
112051
245147
209026
488444
482443
114599
34291
1063
16533
594996
109085
106903
922326
889728
823595
3100
386475
7175
325898
807092
530
7870
35270
690217
1443
475313
222415
193305
8778
114169
104769
299094
315176
5931
56693
276496
2207
8113
136367
161910
188964
343378
248946
276053
162805
249078
17196
239883
6278
233
244815
2965
156118
58628
639085
2915
44025
3191
179712
334435
3488
59061
2474
26012
357455
122908
93655
230263
2340
491632
730645
89967
4713
129164
151963
2803
7042
174053
155590
7582
441617
723017
485154
221928
7911
58227
1491
106930
6599
867
678000
692440
67094
518899
98262
460871
19894
529927
228
339028
518443
822532
1516
444095
38
429433
714833
867113
452347
389695
1994
473774
5625
5674
187342
702587
80626
91009
41684
438881
364885
84067
159574
470953
616011
15830
7676
43666
783443
327801
316480
551005
185626
2095
35705
1360
134969
194243
1946
5572
43505
173316
260695
54627
223128
92072
450897
671966
6280
3014
470988
526172
729950
608568
3756
6705
56134
47783
673356
518347
219247
317922
153349
21855
153608
221170
141810
187920
1189
3710
176013
19009
2874
718376
32800
6858
724858
156784
472110
2471
10010
109131
55823
178953
191710
1477
177346
756
88603
581669
325227
18314
781456
608688
668236
382379
2162
117434
176300
439994
799979
31653
196794
317567
197588
2175
3966
302223
151046
14706
255592
385749
737192
875184
362655
4938
5387
291149
193125
21530
4237
5891
608322
207145
5199
143409
26877
431623
449
8035
688
489031
616792
425701
18475
111668
445345
709008
466021
302014
162246
530823
916535
373961
3319
135987
5071
5305
142578
1980
135292
341012
20654
233399
388748
777728
904661
3671
636656
558537
678860
413799
25428
71093
547690
513590
71494
90994
154729
487
430188
634162
379543
901
337174
1858
760942
358
7154
749930
494331
4425
135229
30259
226
115738
54309
276938
41469
767548
604469
584013
136375
673011
891
594181
125461
254602
106190
36526
2636
84261
6548
27736
9013
458635
432
233903
238710
18920
284791
349415
462014
388261
5300
6364
53170
174612
448116
6836
380330
755684
671865
5104
67863
205699
46885
2578
431076
394643
10834
113562
6365
555020
435634
1104
509121
530763
3167
168684
2948
240771
7044
105375
7093
133521
108948
228257
832975
55920
885867
475112
98516
65646
113824
531732
2465
373056
26705
146589
596418
804561
574690
52294
57816
153502
725124
366080
100036
168786
564
481249
486033
411770
1385
33783
524145
6676
485295
41451
467676
404281
5720
155489
785057
889926
823249
773783
58897
368785
46223
80159
352728
175711
312834
721
418
338174
702
333765
516139
907343
546914
481057
242722
304480
464956
2828
41403
167368
80490
528853
1532
157400
628055
191
495711
654858
522672
708427
922712
3910
213890
463368
494471
6889
7610
246561
87184
257925
144911
693933
44238
478670
791406
142086
391045
954
2463
435922
6526
477919
429910
21377
266491
733
117076
8131
26857
100575
105915
466974
2907
570870
503264
724471
1508
3419
49626
767
600107
4087
136465
339323
1385
186180
463221
365967
573
344487
277
581135
5728
226593
20531
164663
566708
89232
714284
599299
639721
178233
195821
266269
180711
167287
41622
6441
546263
119704
205116
368243
674631
609286
5964
8499
874046
383397
317188
1196
729389
736338
13816
214
789741
852133
707732
7016
409896
422840
306975
382429
201336
995
353703
486742
806216
680941
705423
595470
123715
550045
304881
1836
52117
1291
471162
870931
950803
518449
73750
150466
3934
190168
8213
180573
305098
557
689631
115496
84925
455439
7805
71826
772377
2171
256952
326901
4675
4382
523573
164177
399714
169567
162015
548119
272380
159793
602
140215
9207
341060
147414
253345
302598
736825
24928
542867
268355
493797
8537
419649
3447
437346
431030
818887
142494
930
386920
337893
218371
7171
396146
6051
131707
283950
188043
8496
23821
178501
552664
4290
557528
208584
149074
1802
40144
1784
6659
538127
116394
291344
1447
497164
2602
255807
352206
402422
568852
1488
259911
233506
172039
360584
364124
652
913344
724019
113406
571086
577788
41836
893187
885176
582544
514785
770857
2583
102358
785
89063
682181
612881
162842
77264
6794
374953
51012
63199
26307
213691
28319
71949
20467
127725
115013
7395
219062
2092
704808
106796
2448
100636
873681
874
878097
31776
313419
242476
108442
271200
5114
281450
307095
52714
3271
744038
106801
786
68237
2044
2144
504904
162514
2717
639394
882042
59889
163657
145774
590
431442
2087
113369
621691
1503
38716
7156
214338
34468
316488
1158
282642
3621
297392
292337
6389
34296
6094
523594
4738
286791
41695
10976
268265
10724
324481
400689
92793
971
169524
56816
231339
259428
77083
129517
813834
609234
430835
179865
225584
3401
2233
86
25
74701
1410
100109
7966
137901
407099
153211
370780
162990
83202
3385
775
151695
648
746113
34486
291993
1396
1099
5709
174476
487414
152
542278
414991
609145
155598
459917
463291
259000
381946
5886
253024
177531
21381
542810
2412
659723
4579
862473
1404
422837
432549
158870
4039
188932
131369
482948
5185
356864
123896
4298
298619
73585
27531
139
461345
29955
34665
377167
244277
313432
358105
443373
385126
3529
265028
460061
656369
583467
606384
2315
340699
283419
319101
9541
1567
201670
216216
258411
791236
125856
344257
290953
37297
416759
17639
441030
520574
190013
1984
2881
6965
457841
279966
5996
391687
5114
583005
222607
335795
508231
554
76701
2648
539484
213565
579562
1197
55295
6122
251712
331783
52146
3240
593346
2273
3005
423543
2414
353790
343567
117303
14025
412412
179955
327035
319385
316646
268682
267323
172197
617408
434165
357
3557
434756
710262
21718
505068
29234
175403
255605
2919
1790
532775
674042
92575
704763
713204
849003
430246
363190
3807
634410
602663
1942
354263
17
1884
187461
155047
307885
2044
337887
89144
2724
81792
855928
69005
2224
621123
4972
8099
488892
1385
719717
1217
726517
472658
3583
122155
9039
618134
311893
565510
399801
20061
401132
429791
154781
407604
522907
405216
2580
6895
19725
294148
4652
290000
3830
217060
342719
75110
160970
694426
870542
1316
359801
4828
398722
230373
2014
290083
248
716207
11029
102921
586327
116556
3881
511163
8631
46294
204168
445513
159955
565237
481923
262789
191717
144035
5576
108598
755355
4884
128255
3981
210480
216283
563029
561025
214265
300767
5498
465477
33629
278849
476215
141539
701183
195848
711166
143009
3582
659734
4678
248903
371793
156982
539854
716826
642074
302001
172899
140974
379420
204652
199446
183062
3161
6253
92068
253615
2700
157876
233155
70012
374729
106707
89118
87456
3879
127119
688054
36398
5461
961
801145
213059
2140
656160
914
651908
2259
213147
850803
578350
147
74501
388522
194668
1702
68884
651240
275625
39340
221138
33468
157749
71855
423864
574
558088
1658
3440
148507
3566
511556
9199
19151
28568
651209
9288
376699
301349
529158
338834
339033
597445
547912
3293
185117
269247
501
294478
831
97505
389630
394719
386655
3600
49879
321695
399769
456
258187
234509
265935
169
8080
310755
557977
560711
533713
5
839708
2092
833491
409824
94856
417762
912393
97535
734210
55156
133227
474
2037
256516
57928
188885
5834
213674
381005
434483
111
401366
1112
418538
325174
3907
744472
133633
6458
135430
187571
532108
751353
739201
4230
657171
681207
301870
3902
376435
771997
767281
68013
590586
339718
253587
91832
61164
763574
362063
3428
295
407580
652744
5057
13506
548
459659
462820
199103
866205
164659
49180
639299
4461
549446
664455
567333
1303
205473
536950
502452
629287
655277
429699
555776
248147
542515
164182
253543
835963
564941
2283
586342
880291
7184
606872
1175
3188
225985
536207
89444
205001
333837
210200
8325
202341
237904
2610
871902
293464
4211
161423
2623
747737
573457
338694
619808
53079
1291
40464
86652
79821
9721
480945
272300
521643
71447
1637
60341
664596
765817
762942
108410
571683
9068
577935
1715
261692
1766
33439
4770
304318
631096
466795
158681
373043
56448
6737
527806
6377
54771
678937
738803
770234
720133
686553
436050
251
397918
527
494324
58365
552131
334225
399329
216327
304110
308418
1416
573
576447
488898
406850
910336
730087
596294
267
308789
80
250811
299544
27552
492075
233328
573732
478
615596
807
7902
459475
394178
440343
87746
9001
208290
1274
794705
11960
762346
394256
325152
354285
130872
372262
8902
241639
558046
126305
320225
511
2196
255813
2350
99705
15084
467758
128695
446877
2654
4259
364198
67889
2338
624972
534231
235935
82232
6151
491992
17995
648969
104640
162301
136075
207150
204367
72998
483292
640293
631576
176727
683854
512046
487232
469576
42408
137651
193
27263
15048
1887
15453
8372
389759
214433
600214
355342
120058
595673
917381
309810
296754
3095
12286
251302
702752
841785
6485
584709
422748
9242
326256
3821
2803
408262
222473
584954
221680
4184
16277
5013
636
262160
320279
244453
122100
706331
3356
436032
6714
315368
2934
5307
233840
1387
452028
17048
719752
806802
382773
445896
721984
395219
2359
275362
148
476
501621
386362
310328
538989
381481
4285
134014
2072
426207
508943
102854
444639
20429
853
351202
620596
315370
787
147608
261091
221393
1161
456205
136530
768955
310165
914
1781
249099
54002
1356
800079
491577
141513
1295
140412
450219
865322
410064
461513
20834
361635
1504
416440
689758
4537
37333
3185
536894
208983
377281
213743
386774
3473
617837
11062
417506
170689
1402
5062
26455
1539
192777
187138
1991
441
1330
4201
733070
1799
388984
68643
315353
582828
354117
417020
276518
597992
233314
4011
151007
467929
49559
5259
471511
579571
690940
684872
135561
689680
2059
94
659671
688483
523065
190396
407141
956
313437
849
196100
6170
5122
251284
286982
211857
150010
526283
312382
204723
167125
35587
762067
5241
126914
180283
800167
4484
611563
5831
1134
660481
293301
79927
178538
92003
39305
47329
707869
953647
8078
8862
674523
587446
162103
155809
568054
531362
5456
336520
4875
40087
3318
862
8548
522898
391292
477441
324798
104917
151420
106395
681844
8084
44334
9189
48539
542088
556089
506582
364523
40353
376219
423809
665585
678541
352832
571436
281
264938
246768
37268
2747
364980
83712
7074
391103
702611
335371
2586
3977
32724
85602
3609
58744
330576
31424
1344
725717
215387
149809
581012
12583
425985
47388
236473
71988
664207
2027
3351
5543
264624
8714
249546
317721
94294
292882
274369
298710
730589
486
111069
241601
342127
362927
2468
577626
2833
73069
833568
5634
582482
1897
61371
168536
89745
1012
470
15781
51115
255850
892030
712211
4012
229807
171770
242600
341601
93967
95028
748247
821433
300195
250994
57401
359418
370928
6220
117477
589100
2955
100537
5890
656
103751
775824
411384
460767
58438
239344
508949
477774
5349
211138
502948
148242
749666
21385
2062
886111
313612
94310
409135
5688
5105
719989
5640
259791
5869
118108
7355
669789
257698
106045
288201
8822
186596
768702
2676
449470
22323
31743
152321
144217
242297
248788
207982
222062
59996
89278
77304
4125
402360
451901
61618
2520
424732
3295
91811
580
380
284097
105889
370696
372141
41009
314029
94884
115425
267200
655260
673423
729
184447
4299
334818
4572
53432
4081
49198
882536
520850
147817
1098
472271
874238
216908
229059
519197
4248
50357
429524
260575
304655
4689
690390
118586
196188
2940
276038
269962
363964
2279
524464
268859
367641
810384
1184
224571
350668
474582
391061
4958
900023
504497
263897
66930
785350
600003
519989
372224
222661
3970
623203
108907
504298
425090
19623
126143
110332
92230
459896
73732
355035
221860
437882
488648
268694
507848
700081
583787
577953
521887
120020
511397
163032
301248
458485
310426
518934
515
1633
684382
536149
2201
126421
389495
269419
75390
239628
891
319128
191851
391273
511936
488154
793634
396873
291
452080
6806
776399
5760
376100
1559
286842
71742
66999
281961
297230
4803
156490
1711
543868
1973
173490
5315
483073
2328
360405
3792
2589
349319
4927
28233
1859
720522
56968
839734
87566
22145
646403
25472
98
127954
214074
171344
463384
368
43528
462778
192015
1143
21136
48503
572601
2628
8316
338338
376618
371275
239059
4845
97211
27979
5477
54928
621561
931878
6611
608152
42462
29282
8352
144223
192476
469767
462371
2502
175989
427467
2858
325353
828742
1160
495215
10994
2810
113312
161754
26563
726810
593365
313386
579175
63347
182981
3573
500590
634
30826
1972
350102
96583
304285
405672
551737
1204
47598
145894
686542
459
2487
798362
805250
907829
551
893421
526282
304347
4133
222277
81776
6349
301805
371828
372004
13941
390597
733267
693029
791188
7816
112138
130846
680517
438834
312154
121515
713119
66391
201756
3125
287598
1847
8193
126906
8273
476240
570229
428531
81764
3186
357421
170980
381387
231802
695039
37807
843964
310548
612413
656676
654228
1244
6378
626258
22395
56525
343097
345284
95984
216
347713
876400
127079
34264
114901
648113
3012
504439
596
638948
804496
403212
279207
507726
15863
41283
641837
73198
92935
444976
516084
643881
3810
425564
773
68806
446681
277768
288866
274709
477460
249151
213697
13712
230304
1539
187905
1617
743378
714125
41860
585136
100882
1581
363286
146313
68817
159093
250895
443803
267439
2690
634727
5586
347910
188670
130
409337
535098
134878
31390
254427
353676
305571
327649
917
39867
9024
655369
903134
1707
570966
159772
57910
560157
77798
570909
494174
600976
124412
311039
652
3042
306725
221783
57864
83307
486584
8305
766420
40454
7880
816857
144158
8273
130156
24560
210
462482
467202
913305
3531
362529
75003
438166
485227
9375
182189
389465
13908
111128
437253
338333
933598
924885
468780
82599
3358
361277
94564
41881
680745
2626
6175
762983
758557
626119
8775
8781
351562
81132
357510
522609
77360
581037
34390
4027
80745
4749
5414
637736
5058
831869
529787
30020
102015
164462
405120
4642
117573
152673
344503
345773
131752
114926
263840
176502
225684
542749
497627
183852
398385
2857
11750
245285
100995
405055
269
198542
878165
813771
105563
407792
2947
79207
320849
2130
405352
732305
2030
139550
626237
1364
705018
814767
765098
395501
414505
777308
119389
743334
277499
490491
2531
712882
206383
5624
373730
822419
413834
69096
172308
792702
889217
279
550783
648881
4436
320458
388403
906
154055
392740
19
650342
281291
299226
589208
706846
722821
709606
7396
194189
137709
24079
2646
2168
17516
219643
689359
351836
223919
1196
152505
16887
67047
503802
829
1822
86791
557864
36400
162525
198646
108644
18471
2631
448850
66348
98420
33057
440891
434850
103199
2010
69775
38456
3100
438388
112260
1170
412358
90101
167
69076
285469
163474
235414
2480
440522
496935
537534
5326
747882
141941
14169
167048
332388
485590
1487
677694
859282
3231
4477
137470
99733
179
136927
143384
5500
622859
34641
15536
234341
234769
555592
185686
5611
447535
452098
299436
368497
3080
49590
8395
351075
2680
4091
521837
6717
302722
254275
458873
135300
166812
519021
3644
915
286327
199
332913
47526
1098
37576
453924
591099
2157
86946
19884
109331
2857
361968
4381
78666
78614
28795
1495
550832
554574
23530
5551
575357
7123
84900
3642
336224
164558
1463
109569
581128
846863
483824
756
241255
4023
542491
731167
190856
445843
2293
1371
718133
698
179589
403074
512
2001
575057
207820
700248
442955
100913
5341
558248
68499
2688
840547
101856
62618
19530
156123
156223
39920
405988
4030
307341
541296
2011
4317
3286
604885
29691
2312
155489
5367
788896
243
21820
4497
125470
135495
341994
586699
342223
95097
62821
44305
56079
452503
235443
392758
1085
778249
4401
187428
2439
498960
676647
449563
419974
756181
13041
422033
390210
178450
575102
280932
118926
37575
537553
507342
426407
251
582774
4630
469307
360706
97801
180163
302333
46549
418597
417451
37485
362272
384970
815080
873285
869215
539501
589681
878481
6784
465600
6795
274082
1626
444985
4918
166797
236511
188
306012
865575
350064
362447
3789
202845
140553
5834
4916
540186
644084
149630
264972
385691
66110
2929
424243
78212
26398
557077
386540
38187
256514
259635
77673
192303
284497
1514
25577
317845
382378
29553
369068
365876
296723
360300
465875
782015
11072
2109
172183
367
5281
183858
206991
164332
745362
613689
556588
3233
410011
307157
815229
70293
500622
563209
603734
189802
11917
108681
501662
493698
478454
937
470957
480151
787
475711
483662
453513
2575
141878
138166
216496
451199
310714
755852
698856
5397
772121
48162
2200
115255
183304
195946
353299
401826
805429
635231
5195
392804
4459
450127
214
194785
323825
142534
332281
6079
233790
249978
120925
905246
5737
215979
619957
336913
188529
2786
525181
707953
1021
2462
558091
232
594135
1732
194730
81246
102573
425226
169047
6209
22055
577570
209587
516992
366959
176220
6817
1117
60025
303574
353506
581387
1787
6160
10678
13568
489
14948
321671
1545
354290
2589
336646
4735
130981
512882
3761
361197
409462
75651
4489
524406
61
469322
139794
598850
228838
3205
201642
274
78588
8047
93420
3780
3977
627679
255735
2682
235917
1554
456915
787506
787897
169758
243754
918230
4895
513058
90770
90044
5883
560474
441489
450796
296893
312835
18282
4660
215373
44639
658
608831
695933
143483
73783
80021
7761
571362
3492
630197
6047
9039
135160
201086
195711
686261
1240
143471
33
599051
44229
30874
161633
1684
193897
2305
6515
827541
544258
333607
10516
166033
449310
623
5962
576840
577672
215055
724859
4620
933601
158927
88517
566249
588
382902
671236
213728
558563
800348
3318
833381
78
659175
75469
23272
2178
409607
460424
698676
335899
235988
265568
641127
36589
83638
767
499674
3768
498029
514227
476119
7813
332577
779842
686251
577291
661099
366622
280183
398475
113870
281580
307087
1813
186646
541437
4827
12763
2133
5194
559734
1277
474407
124717
2472
147488
27288
318136
155644
210657
48783
86
524
284944
404291
645651
158722
296054
101727
395713
1011
79476
6829
275072
61613
2385
5377
913013
202767
511625
32858
10
3472
585103
437269
262007
122782
757571
828484
540383
137902
2752
158280
6692
231021
2648
271436
509332
172238
484456
5351
479013
756381
244437
512022
635519
109320
192126
891
269565
60642
811622
26756
35679
3573
466710
1940
219957
604387
226443
383852
33906
286238
2863
5489
64023
358952
201674
651519
171404
5272
744787
1720
772242
5608
166777
350514
463465
4669
764074
561177
217319
780
476098
3210
760951
4561
507104
257758
2147
648680
307000
401708
4139
166719
538582
667392
799674
126
46500
673248
657008
1095
752362
803496
272940
775
2456
67868
167907
299326
3117
204902
432225
232725
981
282250
501050
164355
39221
9162
505302
33654
4219
283477
11585
6212
438815
455819
1760
441484
955
153174
553095
665485
5226
202382
134294
99385
907180
905303
133601
681
33806
55054
35201
721955
159371
496315
683477
186114
506622
9512
322451
8129
230253
631189
491465
53958
100200
107976
290794
659778
632083
1266
1674
402871
258088
1049
130964
191324
209270
640660
48126
5128
219150
153072
153294
952257
161258
777274
23704
97052
545849
264695
928
453417
149959
278620
6839
557581
7428
501352
1951
8803
83057
2632
1452
309954
235756
756029
509868
85303
2381
661665
938753
5027
892826
5530
297705
205492
593418
5004
5521
695399
30326
67493
859640
425605
130648
66619
406597
575129
585217
590655
313196
267027
438787
3051
8235
252397
4106
2196
197760
22671
193126
108729
354417
7791
303221
180565
7888
110307
49451
722
55266
53125
48732
166302
115443
349089
6062
769316
1500
90849
764196
305908
285144
776151
263184
4903
177181
799946
509081
9631
544754
7217
95781
247479
341
287540
270066
3852
372676
386133
314674
390141
351130
80558
258149
4173
244861
790559
536162
394999
5147
37698
184531
183759
160242
157733
238623
541019
104505
2553
4295
58003
45521
255886
68385
5561
788406
4309
345655
113131
216515
616676
1006
134400
4777
66191
635195
733279
619278
52
20696
132400
195017
437812
792776
2880
627748
48311
564842
114888
282028
71604
568
128919
714329
2000
536273
407284
77758
614750
648933
32665
67884
32095
684565
675640
191820
280439
743439
794702
679895
555431
200227
898206
320931
78489
344166
62679
2354
70600
157237
96287
517
195367
265642
396200
626717
1050
129384
2410
47642
225706
17226
6987
427350
143755
229253
545292
557680
506989
715557
161922
3411
176308
36582
37775
362674
39493
222
79328
140170
469330
612268
372848
445868
1880
225321
650512
798957
148901
1267
7436
92362
733890
133536
614607
137562
367597
415560
13823
7920
663898
1831
327114
310842
124
176598
468
411282
298940
378048
3518
696971
289145
399064
829380
94844
494747
134340
261290
8310
385125
323179
390511
563580
400832
177394
175730
61645
739814
15151
1544
96648
1008
1926
28354
1961
835757
678956
84357
2220
415929
731505
1236
5679
802347
628716
60278
191683
595
390218
895488
6121
565170
4130
22672
306732
186858
7678
44778
3518
117072
364226
420153
251230
939
664486
722613
100128
712410
386558
283
55120
316562
141262
116523
252532
4495
263847
197602
194158
218087
676307
488205
383690
117291
6689
697659
536182
365436
3317
75923
1779
123392
8021
74807
53818
726821
665648
619243
4977
2109
107210
82594
194019
139417
610507
1285
169760
613007
4569
60417
7955
312177
271
114629
458062
84222
753135
208435
68773
90570
1287
323197
174790
323800
422590
95676
201860
351724
331054
180881
516311
4490
716119
213
284
386718
3577
476827
148986
369738
572302
38514
50
1627
631451
111232
5628
30135
241473
5672
525271
5355
380856
146888
551152
3910
671619
1079
183474
44387
555638
601058
255298
207639
403890
395942
554871
1287
709690
3674
7837
701784
60232
34415
750558
111339
8505
10
283434
150334
264126
116674
620498
895599
814366
821589
397462
204900
297568
402775
451251
130534
363
509322
2846
4601
731027
1024
6444
889191
275224
489
361823
176851
2998
6237
8998
325113
540728
644375
86794
789367
532674
360037
3445
673285
6452
962955
430230
227617
11783
7624
76734
475715
1283
61701
440325
59167
62368
2535
220616
139491
6889
2095
191401
2169
86941
3861
517458
446009
467559
7471
263872
65102
330990
2144
79871
962
515476
665383
866021
3223
78952
8141
590478
351734
315243
257724
249356
3077
461214
318086
521883
238978
2262
209039
208528
533786
633
606305
546653
298074
703962
2513
725472
6484
6102
687073
591027
597444
192899
376
303933
579544
467409
341195
591
1692
181756
177774
382587
113304
529928
746221
629288
82271
173008
63758
272373
248917
441818
2066
247431
2778
5172
66738
622074
502823
688548
903077
2472
318082
219376
68068
4996
288314
25343
2687
80998
93179
136666
540135
523968
1829
363188
241991
485474
3468
62573
220972
342895
319632
323439
1093
259816
190240
240190
152811
554497
365348
150555
7843
138349
472525
6058
617152
555422
141555
436903
682571
39401
267611
617
2275
5553
682741
228091
189217
545697
45587
159296
3321
754102
422823
1307
43493
108908
358535
888
106190
874
205619
178697
499345
1709
377933
251926
248453
125888
388108
153563
318067
370166
12596
205563
1110
40890
163
443977
42192
2001
432152
350169
787115
917010
180905
185987
309270
486878
529774
196558
523047
388543
109077
1087
184307
544069
3001
354817
200258
10750
557813
101098
379
402789
988
346789
263465
593098
1262
635203
355211
303266
444673
248323
143636
5508
60086
6251
383867
4644
422238
201005
312175
75852
59157
194283
1019
160641
39807
1391
95225
8189
106674
147
97118
3840
5692
10200
269504
191158
409782
173
2653
745726
2778
237256
3272
89766
418443
4964
610909
267438
4468
207064
4753
402
502281
298348
226969
548504
256090
405346
210176
3319
61166
5254
543267
548498
49832
438757
395469
73
777497
222
468785
827
44677
129405
9435
654361
612693
660874
459845
347087
732502
403080
475257
965335
253540
167732
513897
855392
664561
14412
3718
75470
121182
2037
626206
63004
340578
22386
32890
64388
3044
475001
721996
393670
112404
3172
970
311496
598825
300842
10832
897825
5608
101506
1608
105980
112957
369911
181321
410841
4469
1114
679567
485698
487574
323165
93147
521605
356547
369
382806
3448
409828
592496
1737
198999
211094
248888
1391
4479
477997
74217
5364
217387
84744
90113
813407
315353
177045
515231
460050
3534
80831
66657
6691
442665
85625
452795
667689
4434
834006
485265
54203
551164
154211
126697
100120
1829
352955
430903
561487
1125
439
495274
418303
4455
423554
5845
359415
142787
206
55491
288639
4650
343262
223373
3662
244313
226032
573999
6652
214788
818381
2096
611672
272573
128420
335123
230749
2753
51072
179675
90986
551621
619083
516662
618683
690242
729252
247492
273220
523
546793
2341
91858
82341
418
192896
69478
557040
7265
20287
6580
104096
104798
556924
128253
106133
247002
7928
467159
40209
508065
43395
384637
139619
716018
713758
178355
550650
634509
70937
2826
128670
197505
856
166159
158831
758436
613972
317249
275451
7442
337362
143273
1844
261867
395001
73208
247694
358079
1161
93922
454717
335315
6609
131161
12588
711
5235
272464
680640
94727
458738
624194
668253
405647
30272
67466
902
319496
6307
316917
67970
2567
569
388820
375417
362779
312334
268464
193
539398
2919
501024
7561
483133
145502
622623
459276
4657
17373
27525
7450
62938
70479
142259
25693
281
256280
431
362031
1594
556667
246112
748659
3119
837179
1067
661777
5139
14352
263
615
112398
52093
738446
888169
317
817197
244072
8735
174303
989
493588
21310
352762
507892
509625
542465
56790
591363
503251
425189
49993
76901
361904
1805
226356
215159
116918
169507
1893
518464
412060
133403
452991
187146
494616
77908
209685
636389
1821
557653
151762
7046
330634
2246
95300
1916
827295
109289
320455
554114
560579
30884
9701
13158
403133
134525
135491
83089
683446
15876
90089
242567
57826
97102
318291
390944
529250
725543
3503
3009
119297
305857
188516
1724
3728
298242
5166
478837
181630
157570
282483
7124
248968
2398
312248
2847
167563
72984
91579
38946
260530
341
64547
298022
658898
373766
3942
543966
178
563784
1346
165622
4834
277584
5347
1019
818631
806960
548717
599011
3201
4741
184585
6842
28426
627
459040
83750
83618
428244
540446
381611
350493
199515
164736
3307
85583
3508
84131
654947
62307
492850
447369
450281
887
194669
116412
196117
104520
111964
527840
55023
1288
304634
528781
232885
120860
387563
221379
277909
5436
765457
17561
7444
4986
499971
1286
219246
3391
7268
42802
473083
1462
658120
556260
144617
211269
1606
721699
776
819382
578923
152073
116229
308623
335378
212192
1899
750852
16479
460553
5798
220102
95270
537668
629315
56828
656239
330223
388788
1131
830145
238835
536563
7238
68177
17474
591074
553072
420997
196121
489
296282
31259
4232
409601
178871
101017
988
163738
652293
3308
100030
386333
25174
837727
4244
603093
352847
2316
115078
839146
328106
48403
315282
6643
145253
3475
505323
4749
72817
552463
680937
180745
7800
353349
261638
369762
480366
1446
132588
2842
367530
524150
358095
461508
658059
431876
234482
158947
232496
278035
272451
7369
231935
85041
316771
211192
2195
571154
294377
119664
342652
340119
32980
363220
6943
827492
3231
651
4052
2875
595297
2458
4402
505747
181073
120836
56621
502517
241775
292
351564
2694
296618
4061
697687
206
777375
194797
20987
467
415549
529358
116624
200484
495084
34682
107554
465465
9155
20639
1318
282213
115
250075
237
7092
208883
365763
380094
546548
514383
230109
12088
66877
233781
119646
163054
106439
241003
2823
5250
65615
811779
80053
679880
2934
501064
4562
362170
1438
405448
657873
2443
89337
271862
69434
413081
852721
842337
234897
334531
89
177616
397051
223613
311737
1973
163022
208330
367264
403999
447779
270137
576632
10330
7225
870091
3197
3433
5965
7098
899895
105
884921
216450
309230
817288
417746
271251
244815
222453
154183
452
203438
369127
171696
117140
175717
5027
499499
725557
23805
54875
94355
683365
169690
2363
116827
4489
33693
516887
168376
195095
130880
472138
411893
61793
165023
1467
357826
28714
4551
4491
549359
3620
419098
298477
616227
466866
88959
287294
1418
233381
2283
1606
175711
195
1912
555804
464766
66971
357161
600071
834152
449080
438745
102083
281639
317692
512676
592956
6251
226744
4802
227059
529891
714120
6109
713324
4449
75738
217
202959
8548
129148
154997
582008
507712
789432
769187
394132
3006
37419
397364
824085
307784
6553
288
466875
1755
637176
749949
88753
768722
4407
333169
236543
488444
132196
4898
453288
203677
4998
102207
7644
2018
462
32029
589671
723287
5500
718607
362047
314209
5480
674791
298
907156
1835
261505
519
426422
452621
714926
779635
1215
1217
11140
653574
159524
581283
826709
807255
798427
8282
380923
410
203081
274188
65158
250032
221167
525263
1200
642055
219699
365525
4035
889814
2225
481037
317247
33555
341146
177212
49682
202278
252083
108254
297943
155688
302160
907
255356
860
260125
623681
442549
546050
518021
139035
768821
765716
4708
796848
122985
440391
12260
459196
6687
709244
277657
8261
431340
705782
9118
792536
809506
886780
2040
7934
748024
204792
3408
904749
24003
19309
467247
6835
398868
118900
239244
317245
110208
258033
3805
215424
668512
256271
2879
365987
468911
416300
4390
13583
194619
174794
83657
802
265818
413
403371
4116
242459
3219
5102
14827
316730
5597
278894
280658
157241
529484
130741
315939
246296
3436
179639
1570
288290
19177
9246
53061
657619
196966
9956
13014
494842
423566
214848
3908
26551
282672
2330
521350
323879
83857
168038
389293
79398
277625
123974
439575
19387
521487
577129
1004
146815
237152
562419
508221
397723
613991
161156
367283
4908
149694
482893
498490
4120
59166
545446
172967
176204
420
166626
2223
945331
15966
613446
323290
613
313001
113243
2795
6479
242062
296130
7263
343584
160055
592632
3629
711710
696607
4464
8414
329459
476073
836589
455238
270683
420680
530574
568695
4330
56788
2528
301405
4926
1418
8778
441326
95026
202733
313622
2595
444303
817754
854175
418659
223548
75848
389571
19745
4274
714365
582001
243849
218480
486553
399398
5401
438044
869117
706368
74162
560578
3580
50487
4896
252457
5689
163812
285234
5834
450543
452535
295486
5402
367341
75696
7769
549093
7662
163668
586
413
348165
313757
14930
4373
110199
278430
115134
27812
584376
471149
319940
266396
4200
78588
268212
751972
395
2352
16109
622088
13421
125954
625384
160265
192575
559460
131700
66143
518266
1825
111347
23784
1020
325786
120683
738777
548643
608321
640673
774
534757
1954
163705
49186
734514
1455
285715
280095
358674
4882
138044
729317
516227
133751
14258
118606
355310
5718
5297
42147
3068
4148
125311
563243
940777
1229
1257
415257
72671
210073
21754
3624
7908
474636
339839
464277
115630
21918
201249
3514
162286
348626
84328
257545
335738
277269
97182
206356
332580
587565
288605
3395
12318
927642
278813
88583
7901
729885
226666
667218
3107
802542
4678
6409
55978
853703
863183
797681
4036
80319
650081
780124
7064
910594
771293
3303
446405
451092
272859
252287
2114
174563
913313
1404
64439
59314
254110
5636
497601
77
9565
655218
403832
45730
23111
5766
185404
47116
427225
164233
569016
147781
309591
245467
299429
6982
387906
1655
285134
124185
523263
131756
765556
448142
215504
4411
252572
271192
299161
374407
3537
133238
205585
383175
482587
425207
149456
813142
294015
998
335409
4069
56445
163244
617597
17269
96064
77835
669358
350374
2079
312269
319577
328121
63600
178709
269526
52226
756988
330385
4412
100331
58140
263
296418
96524
1327
197139
315447
495462
178552
112411
68966
269829
671447
572699
4069
225822
2630
427582
86943
343162
574
147921
534793
231056
169793
395
467141
3371
49121
46519
344175
13186
772812
9776
9539
13616
87147
290799
43819
1661
433210
633540
14100
1731
614362
147241
795421
796
911901
4973
6999
460579
296659
31782
74320
64479
599319
876
191032
394458
236150
239783
74660
205611
284409
1897
157080
125403
64103
407150
100157
3598
605852
3072
1564
492175
6079
512690
606
1528
11064
829406
9357
414396
484980
741188
203089
685914
969
90064
2469
258824
266228
86
430203
653
170555
553021
734347
22841
60274
50353
29919
168
182385
392817
18984
374055
378236
834913
564816
255198
732499
722651
1792
862402
902867
4801
659920
1542
23304
190896
416334
597919
92239
330117
870
752147
6020
363653
105
427517
4008
615965
292490
250829
52897
227793
205333
408051
163511
20423
5657
5021
814258
737
242126
70612
99761
360845
143100
505760
233292
424396
7398
487781
360771
626772
200
783035
281714
149122
5383
914
603820
2459
137050
1327
43077
439346
413
18312
5291
502318
424161
828
1838
5983
84040
3470
4469
9947
272814
5350
190470
5497
177244
473310
514024
463055
30718
438977
26887
59550
60938
193019
408286
757534
2833
21484
3175
521921
346052
3121
5279
4819
102443
41320
632404
375345
358181
279203
9767
5276
615422
597550
119649
476003
674672
635817
1289
652135
462110
460320
835706
3047
753560
68018
799671
94
7972
800414
565131
2273
422673
471381
55296
327901
574599
651492
139989
140149
352418
318298
252973
22287
4408
249149
729396
1459
719246
185742
73
194511
211104
63055
452175
256587
7202
90923
490315
182252
2074
496045
222271
610015
3234
414337
55833
473663
103501
7060
802618
448438
6269
30890
168723
242745
1768
779229
10572
101943
242609
336730
274282
532548
594033
147071
441486
67843
306361
518818
1
323703
1330
271198
102513
8133
1515
85587
7646
23186
613880
676538
6980
10921
407505
77370
310598
134036
6818
63216
18925
150046
536324
6707
3076
5781
548068
2390
286079
358066
1917
646468
91409
4026
6018
328
145763
3456
283577
298801
872574
502566
2287
500389
749820
418205
39763
308729
291044
5765
792314
442343
3035
106848
4044
644013
1288
649677
419942
236472
2667
506355
1499
28008
254931
1493
102315
1025
6187
252113
84099
387091
5340
648151
282375
338117
441934
774945
208942
44368
614442
1312
251749
69462
39012
208455
3683
256493
15522
55133
34312
30661
405274
468648
4817
270885
8924
38870
2951
51966
251661
210171
782
362
234895
547136
686336
210466
302282
662651
44159
400648
89396
208305
422
567852
4402
178836
5711
425187
9
292669
1980
237799
6689
5670
42051
3516
275524
256002
11972
73993
270501
167524
322767
3081
137454
32524
2592
432587
268110
238089
3183
379008
269726
469717
7652
419736
4400
36199
3631
289600
387
609411
4907
323685
338359
178672
74078
2308
534683
1586
724856
502557
19717
337889
81967
1355
253118
230580
218124
172679
33142
215527
471249
889257
880274
59235
836634
15
701354
949
710241
226676
275838
795430
65523
3149
645593
4341
114888
32
319452
278015
180878
461850
3248
49081
127565
401058
8865
612656
52853
180971
18273
2377
71323
2970
1047
254684
133572
476676
1777
321733
609334
821928
5384
143020
732060
95397
221839
644256
441455
77533
525374
98270
41
103072
748421
681418
680793
13614
726392
848736
591047
168625
864582
838224
821229
6103
503879
4053
6210
360633
79686
133731
449893
3857
593422
130412
258301
422372
148671
372029
155424
394286
289246
220490
214542
3900
454276
1468
62232
1157
7685
5944
5602
456529
733083
1313
665099
149783
713517
4584
37999
203
201171
106694
417452
463100
113019
112003
132888
643694
778
271853
612
360544
656956
236
205628
598067
813422
792480
4273
463754
50884
714
335697
573860
43465
39521
311112
245337
4493
90357
242064
3554
7127
87853
25806
5170
416526
445811
322986
281299
601107
138886
210835
82104
125040
603914
3421
509121
1924
313312
317004
373867
379823
68812
5102
160987
134287
4007
729987
884
19973
432328
4851
94662
35900
3309
224327
389
326123
5942
113133
54832
135678
3198
199533
3518
477121
1542
150799
145985
160691
751703
6048
866822
838504
867455
602298
9047
384757
789
128671
757233
897670
966556
689028
1944
62929
622292
1773
550592
507601
6064
393986
438213
176293
582910
416765
500412
614166
379031
194452
1227
195529
564151
4498
341117
384362
223668
79559
189328
195907
794808
567087
8169
96816
311368
869724
2559
616188
382
153256
112
694378
774623
230489
64543
402995
189094
6580
161086
5997
992167
925250
35
447
6035
42546
700370
416615
31961
3330
108921
102710
151085
524342
108736
300628
234997
626
792625
682402
348523
5765
301924
561943
689780
76834
442241
475394
188659
818333
138232
242002
239491
488382
62617
1212
222822
562175
15344
507842
3736
426332
160519
628189
925
206261
24676
364977
724016
42824
1813
36615
4085
2017
395662
422307
12772
227
562
97413
94553
85152
378361
376084
536263
745757
451925
371783
132472
204292
258066
273999
1832
6702
25083
88128
256878
571343
622329
5972
125417
665787
337
468705
339096
198842
323104
318662
292639
537576
2171
371055
441410
439194
1130
395360
329586
63246
1189
730979
192
298801
180867
174614
176190
479724
719819
263562
427093
687112
5772
201783
720197
598506
587
718066
236559
171923
199835
201164
102525
8882
130826
3237
504299
171124
450
331
172297
170049
356480
1597
806205
80875
5
405417
329093
1668
521518
328037
201
318444
115569
48735
283016
276119
7796
121240
52751
6293
288389
6966
287314
6875
292671
260951
462171
239716
455668
432908
727180
104214
5266
45951
7094
6318
767817
50920
660636
492738
630398
5590
603
8562
72421
431805
28407
30321
353576
809725
294672
255112
1844
28542
9725
2496
111103
6403
182618
221481
430657
356597
2713
269977
2432
563059
114278
559548
294191
1295
124753
122310
292603
3509
773492
821098
66144
310976
228995
69277
1179
3023
276660
6398
6273
93634
97909
265055
39994
2313
396709
478051
233909
4859
274464
130540
119052
556913
301062
266227
437563
212267
483840
292527
41042
3406
504962
84759
1243
2071
579596
1014
589237
545955
288880
258688
2027
378891
93473
192144
651887
298180
569685
5036
530767
249868
43467
6250
758435
479494
1275
71296
264927
79314
46384
64513
289983
73326
322261
695028
655505
490953
616346
17824
6218
121255
579575
5531
82617
768808
528127
8920
288290
547
57315
89878
579
364928
175761
309937
827136
58831
795194
3461
402211
4054
169184
129908
107003
336694
880404
563
4500
229488
4652
140224
45230
584256
149877
288761
4024
522289
369081
292694
6084
180333
313999
120392
427073
619952
202134
772
480845
2923
500296
985
162906
155268
8554
2619
87935
603215
95468
599761
629
461868
260102
63801
173656
131141
3055
516624
352637
96827
1562
106802
153129
361022
1151
5789
114881
1847
638066
7031
7511
636721
5456
567061
1530
632228
3922
271062
170731
106934
51709
1590
318779
9488
808561
689885
3450
228067
729173
40863
479470
326817
10600
23950
494
391555
433554
260866
246079
763380
3359
147774
91390
435023
104590
442623
1392
521939
654
534959
726877
5748
118497
92916
129329
390528
386942
749129
271787
50718
306436
196193
189281
384325
161674
2201
412140
144
279477
377272
485332
358497
389270
1590
4809
111889
287436
283797
231406
126217
4729
60880
1458
143208
156353
159391
188298
100549
129825
8381
73849
24831
792693
670607
2343
670775
290071
7971
159975
919
132994
872825
804586
79928
568790
2144
128206
195559
594216
6646
117626
4389
116972
2225
337893
317741
4808
8985
133083
356126
347204
178434
723221
43186
13
86686
1063
89604
715
697311
860209
779036
760324
3373
283142
1267
626947
41935
772743
158326
659707
536183
41922
5139
33601
611826
7109
597146
353682
4961
417341
158101
4552
33678
143827
544215
610455
424707
778334
405605
230618
239
1826
598709
2453
622050
229828
2790
330516
453563
2179
15862
228734
163893
81483
217989
20723
211263
326061
232776
461762
124664
410571
480698
1626
12564
17185
346230
396030
88368
227
918458
877180
4116
317919
21346
216908
493359
315668
1935
211076
318274
400931
16978
201058
450762
511758
118740
591840
297285
886
127743
1619
106851
6010
719
239310
246609
243069
130270
197333
534
153278
1792
252079
334752
4703
234088
125414
161
561
748876
431610
281629
528931
578642
537999
309795
783771
691445
1916
432372
488936
46484
756416
688478
71649
112649
770148
2665
58306
30523
116
7373
403472
332993
565116
553493
764324
654691
378777
547305
5105
629927
380169
1103
123543
305864
133674
223405
482486
643
66893
5111
423030
110314
110072
100820
200400
464205
4517
731516
422164
176672
9090
531763
109591
477625
284033
284986
225905
16350
1467
512189
5722
520029
131042
65391
137398
46499
357608
212203
432682
120906
659982
456540
419398
425303
372562
2454
450624
179704
2599
423152
4820
582946
85040
752650
1220
432117
4954
419858
135559
203196
981843
484668
106746
355731
604257
188908
287509
150469
59817
3129
719
1821
65083
353293
5871
242666
4309
257915
518
352502
308
525717
382193
8482
360366
4348
342578
117265
325176
6341
9182
342798
243449
339883
263793
520221
330024
327018
296123
7226
451498
2220
685709
729399
43226
56770
5568
392404
4176
365878
669719
371532
297617
14725
445102
201
105182
409248
887
288
568456
3620
43030
160236
119325
81374
550258
163872
717518
193506
5317
594093
25435
57537
617432
410171
194810
1471
251283
156792
401974
1034
154041
4049
545857
815233
6465
65694
44182
102885
60955
32772
465888
208032
387399
533827
451716
488908
4843
534909
569440
573074
2050
59047
6641
202643
206689
441198
377874
443183
574301
520279
1352
187126
9816
390885
4564
257172
227122
792447
5877
782584
43182
656563
1425
693231
382407
28569
388240
1769
180564
638218
661088
655811
335555
618742
451827
259443
279435
544951
351016
338607
156058
371887
8738
46331
635713
597246
180205
65224
852767
301
889733
817596
7852
756178
293043
112929
2130
362642
1785
15610
450418
706625
132945
45406
1223
703946
1216
867586
572210
632574
346137
170066
137763
237443
4819
344838
3225
4989
385212
405294
425
676669
25642
551095
125360
485988
169032
861154
809528
58291
481978
4695
195008
3691
194619
47880
235087
222850
188497
588076
826335
63193
898806
4223
469922
1092
115555
150824
7759
234344
5303
687443
64269
812750
1856
941408
629837
486482
205963
3573
417640
347063
1113
255544
612097
296946
161680
2172
500262
500353
5686
602767
264545
152602
157839
288869
2225
272811
5182
262182
3940
118888
746382
1255
598759
84193
2478
114705
221798
330326
296884
2698
267077
265243
407807
362923
403065
277201
7271
895793
349268
273497
3045
640476
80560
658287
591249
3552
3850
158522
92709
1920
5120
76358
282464
3252
7845
96279
586352
1284
396409
39237
2969
511562
53429
812976
827076
297099
7987
298449
27105
214586
134554
571
313873
595922
9202
182148
335
405
365393
593
1947
681306
9456
827844
330106
375786
8821
172239
1057
113289
237630
458358
267156
1501
218414
481099
36813
794321
246585
242497
558661
2824
197738
698756
2955
570469
672762
791836
97027
593929
176771
184
267160
3610
118877
698480
4708
432190
2589
226674
4953
161063
1972
4152
3043
6181
381449
465654
585
586233
1117
276773
420372
97848
943
2858
207666
204450
15527
3807
85214
398448
4782
452549
136055
199887
326084
440794
5623
785688
33048
85885
71599
5346
368123
469198
105106
455808
10226
375920
374
81529
150678
107563
5821
110750
8918
622366
575410
2273
431140
142137
645609
233347
579533
386801
4662
26886
140478
78616
148722
211770
269494
875
341753
1809
638807
448576
6656
37873
1048
239196
113586
801255
532225
359276
972381
223041
44531
654878
659917
501809
3025
183002
8377
723404
177988
448526
5527
72834
251254
3930
148069
538114
84584
6939
719467
877522
274322
3709
356138
985
110144
394770
400779
790506
207839
704114
97179
139774
97546
120
2243
4616
152928
693067
1309
124124
693059
1005
30892
478604
259029
630
646038
478041
5094
273721
663
85388
674569
3208
766141
77680
24717
19281
281542
284159
9039
1421
647794
1775
144474
1426
281956
183950
566097
166065
630576
55491
326889
194071
14390
444453
806645
681485
112822
621567
319929
537778
29502
199236
450799
599284
65912
229471
1124
66239
7086
69269
115863
48802
469801
4271
977104
57949
607277
146481
3358
6076
58778
620947
425017
236
366826
978
1827
538583
180697
833690
691788
37878
32514
200245
24315
807630
101501
221046
259014
64195
2250
533531
4890
493705
49877
632212
793713
382758
313508
14368
202524
7282
911842
959
493291
2197
407526
6429
89956
940325
751310
449473
913
124928
5884
145669
2336
245823
1746
327538
318205
490319
43713
358527
873732
620452
182457
350369
671518
32826
78544
946388
201979
9449
576431
727273
4317
653174
7935
333660
258465
2144
287429
306986
127868
4632
4327
840
396285
375634
512412
44829
210384
40647
280399
525645
293566
2698
22159
2240
856364
319499
66660
146818
65633
9
2463
409067
335490
53787
339242
9455
399106
17947
256285
656451
6956
3890
661170
25971
63949
25460
3210
20407
79367
71719
620207
656629
1771
114528
7300
237035
502308
833069
359575
87104
287972
389795
107279
128406
192991
259517
373150
7658
15478
215766
87201
547177
3898
170252
8318
432990
2251
5510
264831
287849
720507
524330
166932
507698
865448
748302
721862
101119
431593
89900
4784
83984
1151
149738
189515
527568
2164
4469
74237
93052
5742
404754
213670
365046
220691
275340
257000
348434
7953
163967
1868
66232
185521
938
3816
485521
6529
312664
252890
4947
245097
266003
46363
342123
555076
804209
2850
495029
525861
560686
557787
562940
558450
1585
599
68530
87562
105563
138029
338740
419522
898030
1598
6970
4755
721662
250905
248939
642875
297
384798
432770
700624
234484
475841
564211
436148
518486
807
114280
3867
200587
2256
26464
5144
565646
766502
772472
323258
427568
435597
205871
198784
229168
204545
1240
91554
487442
6996
529890
1168
23123
8200
239685
114143
117465
327092
399831
493275
307932
740711
714166
784719
162135
4476
430544
2234
125728
869
302371
33637
665175
2164
672501
118754
121495
222098
837855
29136
148569
1671
522995
2934
364446
437970
694
42089
6403
229952
138799
17415
443266
157272
166191
370172
2468
873707
2539
818335
302546
195873
643084
723871
279396
263375
1600
2710
7234
206481
8453
284081
505670
405333
366792
451509
610345
703133
562449
250005
105126
616468
3003
204178
496122
132816
3695
156137
2633
149290
512532
1284
520824
363075
1517
618251
445171
7479
42178
318217
4087
139383
1525
146738
4900
86664
179294
2876
91202
41077
1322
82275
7993
116327
32121
291748
8876
363590
517021
3136
140870
447828
9086
236865
204958
325329
893794
4616
65681
4864
625758
627767
165984
1514
1872
180280
1845
112372
244040
588591
175988
4724
387902
3063
527679
4258
472589
281
206283
75210
364074
595668
250665
137003
471081
2399
304223
8930
24073
77599
3293
83002
367328
688306
680506
314633
157854
8937
12116
452722
349340
420299
302185
283255
25473
252642
52662
7505
757921
20692
89544
3317
94611
790706
789714
2414
4613
819520
91359
795248
4390
452080
2604
280292
522494
858495
256627
9457
7436
430110
5231
4703
220633
3210
6692
674
2352
427839
118370
304121
462507
1185
152367
639888
218790
8178
187128
161090
268411
865718
691594
2650
1218
381501
590852
399934
399136
6785
183511
136888
739797
702996
610098
18903
564948
4578
493888
491065
1716
280279
416872
1491
707540
694995
255555
43748
101481
114222
92469
234672
416305
393
151916
822955
285
24297
126343
497051
460551
168666
274
410307
255760
428621
272132
2045
279965
246145
788132
825768
101525
8587
104266
339392
8775
199445
2292
464975
442102
323508
47714
3932
183908
178751
6901
201330
180490
4526
332314
3372
636107
6652
240371
251599
95954
406150
498457
148279
537621
2243
547321
545321
720216
970883
979025
447319
528
808
402613
121078
675850
88814
216855
787203
135346
332831
155877
215835
4374
450564
4422
91357
30493
72971
210622
316139
554015
656313
307089
322291
72997
84603
225148
2789
134288
1051
6430
132561
216527
53501
1203
241189
203212
460156
242757
184894
20255
609455
877181
7851
7256
219977
292571
1032
392729
2319
592734
435794
215
2886
5429
30855
380475
731987
549934
70479
659598
607842
1179
190819
637789
3827
108667
297209
189
6111
429199
70605
813297
1172
578422
499880
695265
384946
175424
225218
319250
1993
564578
36511
63961
179955
410611
254511
7255
94703
2647
3131
107941
652779
211837
791410
496721
7953
519313
3245
450248
2777
62518
9678
27538
302634
555173
8052
178718
559299
93601
2961
705828
253111
249290
386483
462528
23278
560
175595
327322
266720
511432
419924
626917
27282
2785
695584
3191
3858
618132
164864
306
650315
604202
2853
858564
25281
8799
217528
93175
779840
205106
69498
809936
924960
323886
43971
129312
148692
336924
276853
381029
594469
24868
322096
938746
264643
76948
68351
4020
194967
354781
553272
2106
481573
1352
361886
159022
85141
112974
361196
2405
2239
73192
4994
65135
914
112061
10173
248596
108644
2165
39889
727812
44742
2763
36982
6048
790105
4073
716594
799027
119430
5739
282568
164502
5994
144080
394018
375633
325822
371
339737
279592
547
86842
1854
457955
6476
5104
387630
877
37432
3616
326356
305081
574384
20700
489229
671530
604446
235349
460616
2942
876231
2697
859405
1248
310213
162828
136354
3508
3995
443245
61597
2464
101699
199537
238775
446238
295951
6084
65087
122748
4127
270385
352892
134572
1168
202412
448310
1284
734320
64806
64243
874070
343791
325551
415451
106034
215908
3811
85889
1234
246063
149793
152362
193566
420471
3426
446959
3981
690864
69180
139391
164716
5543
336779
227722
20632
22396
888648
3787
871765
442212
74440
114
7431
435137
675722
96771
1886
24402
194031
365560
403070
104017
254095
644512
40494
628256
4377
101410
1218
3651
138203
2410
3669
52237
466916
47270
396774
117706
225530
1485
4319
148054
730564
27933
9241
720
461982
84353
114822
110941
513810
206490
455357
743594
538967
2117
225202
308367
727452
601861
664972
1841
182866
4443
1812
218980
276325
170689
140132
800755
109080
1048
263914
240012
1384
498159
156193
5345
31095
348064
189474
9314
7945
327704
112330
438746
205073
31
75967
327980
922400
716167
58636
676468
154213
945
64304
66332
370662
13440
235818
441870
232135
871154
865810
123404
836802
919162
603287
503822
39125
1607
114116
4279
379775
399621
105165
3344
375943
344490
192313
90906
4275
155681
529208
533047
110162
285649
140650
727710
263724
348227
655
306532
386577
388683
188996
348450
134639
3027
463913
2180
325363
5633
229272
5319
291207
3147
7039
673834
240564
636330
8707
733773
6085
517859
229510
718902
772810
308886
5876
3947
526800
31705
23838
11227
612459
2096
1760
538975
102818
561502
12898
149424
30755
157872
67782
299648
555849
71631
287328
1452
553571
814476
396
1994
819992
407294
2224
4079
362746
56083
37452
74339
54501
50470
733845
191589
211384
310234
1119
238327
129226
280595
78021
262924
246541
405403
137259
237
229080
362
213694
3408
502491
64181
19261
68181
112439
2756
5391
76692
77760
288076
3727
453261
914516
758412
242876
234103
417438
43822
4031
161221
268125
441
699286
192764
132686
7504
411984
4296
2415
821043
690
827598
831372
150956
62741
230492
635039
97508
530977
601529
62053
656722
414858
70134
487776
102471
4764
463222
4105
16
4971
10927
278
16208
279384
22931
6371
175616
172624
81423
836995
302195
256149
9369
145173
161338
156745
171624
1285
477180
314822
529145
619410
5409
695
53292
834386
53590
56639
325681
468
240532
322505
188364
6503
5741
88085
131
55051
1769
7237
218057
697701
23660
588429
166600
5104
173718
166105
464468
644223
4069
173486
92714
630085
12351
154087
952501
2165
552600
376105
373136
44662
288561
274649
2803
8966
124392
4264
64231
307180
324900
318468
224048
567816
4428
1543
58340
562
2250
501988
241201
8844
136001
525287
348223
272205
534362
198073
46586
1922
2101
672088
168014
245622
778118
789322
509456
355802
918
245368
4128
243562
812166
799677
2182
115517
439046
165683
193340
148362
223185
333034
383060
279363
245326
453011
496084
2973
90078
413
882377
2688
981483
940690
538900
436242
11380
4151
5810
164952
624185
8678
40211
372772
160359
455969
275
312838
274624
3648
411470
167143
99972
67072
1692
117
426712
331148
8682
345229
96486
348423
566205
573586
239158
602687
229535
10659
392002
786082
509480
63136
503068
489217
146813
135273
687273
711792
590347
577384
6306
587629
7659
94044
93365
363782
50610
467990
12880
729395
666678
163571
680480
4619
577172
129726
4921
6284
323149
747
4431
51882
6402
129160
1132
3048
321913
40721
213031
4011
564489
658851
6415
695655
558
369449
323250
583865
664030
201532
58349
324280
76115
4765
590237
936
274763
1807
594131
54945
835552
237510
233083
412260
409099
78918
784434
5769
289231
261556
114885
709195
429183
6070
93183
114980
7630
385582
224490
133597
197124
447750
814468
245078
154595
366808
450806
499532
731396
44565
523615
350555
477120
514380
257856
330337
4489
36571
3986
115885
5588
126783
529230
304
736191
739269
3186
310144
66681
140252
100867
89629
234575
117462
4906
309157
181971
2434
312770
4672
155931
58955
396400
234693
357093
62816
328597
282132
1333
2595
412385
135
564101
155
2697
83043
144350
777987
774399
211718
191346
93674
275659
407684
703740
2658
659037
666757
424196
429656
606122
92549
77688
501968
969
706843
458088
19394
40674
288451
500933
376754
173013
304430
106772
182282
809191
812805
167002
709709
220860
113396
209994
1484
291747
640
276942
3176
62217
403626
883402
920829
585891
580242
224974
2951
8031
162848
43
287083
123176
10109
798176
884172
1960
365211
212508
35774
119113
424371
226682
380015
693354
159340
571463
4261
407
582772
406649
410348
160519
130093
303917
8465
639854
373226
65152
494749
470850
234601
482781
3975
491950
3558
290078
68006
15065
103612
82336
10773
716350
259052
114118
362077
304681
595556
230944
988
175744
6959
336400
6979
8802
188845
383801
326140
329534
266816
157274
276006
692292
287299
1101
114943
3432
307285
4765
246194
1686
599300
5263
606532
592947
507662
282094
662001
1228
147866
4005
3277
522601
244344
718638
639173
553187
549791
355420
625198
476082
123080
1752
599592
249
119599
577707
1670
135232
512700
200537
410985
4851
680152
680927
91864
531384
299496
651249
426813
4192
8942
23000
5725
571976
641580
107193
63445
127817
127769
258775
307448
133327
5713
486767
2129
452251
264608
404180
886
188335
5525
814
334087
556653
10499
394477
550483
81406
2075
318763
216444
3750
477642
383582
1048
695
460748
81378
200396
14942
519837
13267
54784
4014
123626
6751
661532
5421
113013
166458
676342
130832
232957
3262
606680
7087
436906
121254
401192
521592
264842
273835
120349
381897
237359
356612
196418
142623
195073
343052
593533
890995
508544
91330
144134
1228
73105
2166
64948
7036
472168
36354
119257
556918
66762
4533
300822
332900
365843
27065
399648
528340
660097
707440
739246
574506
722501
548044
551911
36559
591
83379
1547
445224
350903
14267
961
400939
403
428227
78655
113019
396255
283238
147
41625
79552
226566
270493
84264
613462
467370
3803
59394
3305
71890
28859
90954
554702
434918
13491
565128
384436
103683
356440
2237
3662
314831
1794
1203
482514
486976
141768
2121
173519
716731
715616
3309
129308
455808
489048
1525
572516
221255
463827
301260
299620
9118
473160
606193
550807
243942
23929
4924
87980
87170
81749
79918
250630
633235
588890
1677
354362
568437
12982
288333
7124
428953
3771
7271
590167
212
361473
700440
4548
138859
364
433730
604194
567042
146829
1302
331929
3322
679661
148529
16251
23114
518575
215822
618803
59
279793
596904
358733
246576
277146
232126
744550
100
59767
325083
220687
256932
731
15623
2517
572121
130632
96420
75
345000
194
378881
32647
551293
604
412657
275113
311866
4221
18325
42785
453466
628718
87902
6528
691212
435887
1699
372029
5400
158315
278718
711251
600051
796207
714369
22343
748502
405059
444533
809817
791
783291
1298
429588
410
351471
316184
28754
195988
3222
245802
426119
411307
155406
587148
13218
262484
123691
467801
2559
2355
433385
251853
786351
164572
166656
192624
340390
213077
406531
24290
601420
216813
238223
4545
620612
115679
145871
177055
1084
3623
2993
456707
580431
97244
191223
369145
429960
10398
5410
6578
715733
4390
357433
46
6970
146710
2089
539070
479391
642537
608269
66775
116646
574499
3779
737444
623869
623649
8237
79874
156626
85264
3461
3176
143368
236589
505732
3856
370385
183401
180794
47692
356295
853
153017
426835
311503
8410
376752
79993
556143
347426
341192
518869
575143
44556
181311
589990
2195
1961
360189
12
2205
384766
246528
436
342802
338883
557252
177392
58569
162949
344786
415085
387892
377091
230
513505
232214
521616
5383
5826
735451
2982
232181
2628
113925
88997
207096
211140
474738
26877
3670
340600
177634
1391
234120
6178
256783
1655
5274
267929
854654
227032
31669
5368
102059
2283
127335
87022
724
91989
2700
257557
185256
19730
276090
442743
674367
66389
102776
251743
3044
625258
178062
154752
284536
335026
5326
25563
138410
362
364238
43317
136399
41163
237465
7266
170170
74286
156309
77345
214400
662
334943
514842
395389
5377
67120
5420
1182
373937
417
8668
387191
625116
83460
343658
290934
634346
368287
272247
305162
199
2553
12188
227140
619845
3348
464905
478429
496719
210722
333259
332166
44336
525993
83024
815884
839016
1088
615129
462625
67152
195148
35488
532074
840384
625627
467951
285476
175227
86553
765643
954716
55
950579
7610
152287
55988
207924
19
246722
2662
40158
141703
1741
310480
356
637292
48289
291
310553
209144
256857
7747
577950
140896
176677
4259
445388
202712
267559
343490
253289
721350
115880
520304
70433
4370
20203
8333
14044
457287
598640
70421
930174
675278
623
118766
1145
151922
139376
734
544998
659566
462370
6612
81581
5682
440942
246411
240568
5415
53581
124956
229828
1528
643933
247544
351024
725034
619603
416813
260210
301
345828
645662
662749
95978
607807
6179
860313
542228
250183
168088
628666
2555
169688
170290
32101
3417
292787
1927
234414
50
304291
271249
175377
41
767495
16203
1235
697438
402822
623340
708533
27181
98980
149088
10612
588503
735159
619049
3558
78132
395566
417981
3880
627848
2389
33381
309880
238178
1018
328395
2673
273194
160837
891757
894304
471998
172893
3028
264869
459539
67195
2923
638412
480414
490452
2124
324420
488060
531632
539885
773260
9761
342043
178091
369049
720104
138046
2355
474750
295376
116
1359
4333
188156
4272
487457
775607
2399
698610
797786
855963
317562
264810
1479
294138
12687
903036
617444
86208
387887
396512
1176
453489
483340
25025
3659
371914
201
689143
512715
1271
816831
822869
576101
3581
369479
539921
397485
198954
312211
85641
6941
47537
61559
355370
7065
759276
759728
18026
67
710678
688207
299834
323918
144476
41045
2525
85774
12540
3121
483683
209119
209456
69213
703812
653
145586
269307
30
7734
633234
305538
6153
132132
287304
98606
389642
349646
108235
588584
240704
346000
78703
51
2265
260291
162760
200372
518917
1150
64623
818766
208654
236653
3305
441856
1624
732158
492706
173458
257304
255409
124245
580911
663186
800507
717170
151486
56251
103332
425384
5802
99386
164125
20899
263506
471568
7070
524242
1711
26796
233923
251474
317260
5809
30530
404880
3355
572355
5541
172048
177295
6030
609639
309891
237968
247183
188920
545698
968
820241
2320
884910
753909
6289
843342
166407
744930
12373
143243
445535
42579
104909
361959
1926
391933
362401
624294
314837
612606
8766
831234
719449
83847
788900
153842
614905
738826
308719
1484
33083
931
574
67849
28278
19306
96398
429
501967
506247
191049
316724
916555
878642
4927
21857
4360
339382
484775
747543
144127
702380
739
682201
769327
149185
1445
81899
4217
436373
264621
39837
245033
772881
253737
1525
691916
850330
462330
21078
492919
12
478457
359074
1771
901405
355796
348179
3392
452047
324850
126845
19218
605085
67187
24168
6436
409654
25549
99506
751
90392
102803
509003
199260
46744
262743
129717
182209
160480
176708
44886
52665
8400
488497
279224
100050
467212
196619
93035
49823
336268
1312
5406
892037
452812
212168
1201
325149
582508
7225
255418
444244
5069
725063
38181
167954
1584
19286
1088
108834
102122
2172
398140
3475
399770
575430
782
125754
138908
456485
445226
811
478305
129058
295005
8088
7677
587281
625295
392338
71478
338488
244405
7326
253904
2304
123458
252705
105588
5548
130258
35862
708005
817
395505
417333
651892
316488
581495
140715
3912
154858
348104
229800
37443
69872
136897
438973
375623
300
485210
8868
686426
8545
114811
80764
425015
1094
150545
803974
689068
333085
355219
5406
5723
124973
305677
5108
297279
4867
489249
220362
58455
885071
620298
630
500186
142
551904
199195
484862
390056
8657
248347
131
22691
1839
106869
545235
258062
144769
427320
535942
246082
268978
6759
145333
30216
532119
92499
4396
108392
113711
2144
585032
143514
161551
721
270720
321161
656515
105850
943199
428672
369952
5498
340485
3693
350758
2596
667867
93918
913368
220154
3545
375747
320374
218253
334027
499341
23465
315396
514726
442690
301740
240679
441995
255225
562
373065
519582
518835
170544
748269
213740
342385
454983
3348
2148
372324
198404
89329
614098
532254
366837
7738
216750
1690
418488
3659
152645
312071
570994
438497
182845
343313
711937
195103
1327
198104
819203
808281
63674
8160
356504
277582
16780
619069
183896
824592
496854
61917
64994
314584
565268
5970
103084
406718
595654
220929
365778
246489
270043
163421
3394
186657
813
137360
142051
236508
415119
5015
599374
227401
795476
8738
953059
220060
360537
223021
167569
582177
267018
134082
1456
67981
64042
88298
45015
636869
90250
762697
157855
158330
87590
6700
434619
6470
144268
77954
2336
489024
639317
361964
248403
87044
8891
242958
1781
250158
438033
307375
7495
572301
808480
748999
2572
158026
1025
168274
8081
179471
756837
158117
802412
613
315539
20962
487070
699561
9161
285669
3588
406376
498624
5042
81392
5983
313415
310744
324423
166348
374916
224175
98722
682221
769747
948
30600
2982
4885
173527
1886
6375
216814
475861
157392
39498
225840
5189
7523
793332
2639
286005
137578
275398
2408
71512
3137
397357
632437
638786
112062
115146
531079
8511
8303
488305
105950
473136
825512
201120
158051
2890
608739
133225
45113
275018
120608
258842
259447
123843
650382
568920
93114
461
449464
628498
378
753763
703701
889676
67
657013
277950
488745
443649
522164
243116
7709
1679
394261
520405
581593
6814
56305
15662
295253
30270
474548
2546
141703
478904
360048
648753
215562
465348
127984
349441
106166
235460
460135
438185
115276
129389
287067
485639
2556
189632
109377
260490
374869
1647
6494
345063
4970
89212
187845
18490
344160
1849
862388
474510
111696
96039
224094
297213
1445
37185
1893
41350
166185
248057
205243
423654
450581
200473
427230
8064
7846
744640
857538
742662
743
513530
4802
14235
355
2577
3080
703307
595
2498
322412
362615
24819
2128
686323
315622
316011
423480
342897
705652
645886
828793
1630
867330
147591
665647
16575
889169
773169
151590
5391
459957
8706
148016
8832
355233
206513
286693
698309
709839
18751
408374
315621
115419
2168
642390
566873
549690
540066
221074
76250
241923
620724
594
852741
5928
107027
6371
922578
681114
292787
212275
208715
13182
90452
99027
82108
12152
293196
265962
41892
2599
64902
296095
292390
332179
1822
1543
719820
176715
3938
21185
571659
758863
792292
619853
372167
48599
9181
77648
2280
164487
78286
363240
361659
179445
4106
49359
4155
96435
354272
589774
240910
258603
554968
3194
897887
275303
621545
828101
18883
705393
126458
39997
75404
388592
4540
578179
2350
693665
123024
86723
165942
385390
463696
805140
132507
242992
827741
20385
569
110617
51303
1643
3854
184109
1152
263925
778432
772813
799541
578652
2834
100515
129
195312
215920
37838
88468
19178
393893
1393
3712
256886
197850
6281
234841
275474
274625
222299
2523
9069
706021
5404
234
662752
648824
722502
208162
1963
137761
866
116210
4051
229163
277739
913
7626
127607
10682
262411
123990
254924
409265
495879
9788
67294
141603
16896
893601
67829
2735
131103
2129
414
121156
226185
335746
6973
419018
419458
690131
418373
221097
2088
67708
982550
90733
233424
4619
25925
2139
273987
30145
303438
147735
4125
238374
273693
102627
4425
253267
3189
591129
3253
262895
36971
297
226577
247
665149
271733
2320
74970
614027
759
213024
80917
463527
85554
871511
722028
4599
415176
85827
12036
243408
562504
139833
1489
809
208742
454
332978
2712
890420
721645
557
4965
4236
3341
170390
136951
110148
557
750108
131498
130463
18285
5930
122272
3392
207182
3608
809179
443264
595731
449497
2165
160620
280174
5088
832769
659605
6915
375113
11
591088
632791
221540
177530
97
36076
324120
293488
566613
30100
67927
580244
362290
410596
90518
673063
176335
7925
33069
1191
11317
601218
799682
280358
36661
335943
114572
278073
6353
432291
2016
210129
2036
429437
102339
529955
267749
99009
898
272274
719632
630703
613594
470524
145539
5324
488297
4527
300904
1745
873467
409765
21230
328940
395700
371925
178493
2710
14111
1026
2099
295718
318251
543544
477313
656276
556368
2119
79058
9198
547846
73106
635087
130356
385126
72859
1158
238848
296911
458010
173504
44055
2857
4437
226185
899736
515744
185
500735
4682
37295
556780
59
321347
841441
3812
36286
139178
530767
112074
167678
5305
526325
545981
509251
718379
723595
717265
216196
349977
6597
483447
335003
8467
384158
782347
1056
149170
297769
787531
402534
591360
1395
210168
603420
240574
4565
286148
1474
511836
614166
937772
415495
10509
409618
841153
314
666257
13371
2273
500411
8009
234753
746737
287076
3400
358973
8078
881
613771
714282
939491
158536
124913
20866
1203
194522
529887
659592
133
643271
441744
60380
27129
317281
136386
67201
680910
510992
173008
25566
424188
361878
1394
8923
161455
167135
160004
17424
476253
57247
971533
148591
168249
129773
126770
2130
686223
546597
2852
357474
64903
65962
213242
109536
854537
944373
3373
575334
131138
4773
4396
16093
180068
184472
40345
171043
163849
255439
4245
509668
641370
3865
8756
54888
604006
650621
3237
37850
42032
454250
2011
323083
214006
446918
672293
805347
4481
595236
244854
1202
236923
6507
457990
29459
806348
67
412806
454180
284265
108900
49694
171001
58444
114843
75423
3477
589526
347
605758
642696
39014
260520
397740
4922
492775
117
7454
198368
224033
260152
21488
1631
535647
1500
528907
284978
288511
533477
58602
2615
769515
22405
3027
296
363461
3507
363945
356460
503392
2940
979319
553136
372
106654
177396
5801
459720
2450
659228
139774
660527
438030
253049
262004
720535
525091
402248
20725
377647
320569
409363
342019
334883
477599
3827
150206
327058
55927
314576
618
120173
1104
2120
821592
13539
205103
2628
114095
447312
191310
192367
144
3826
559341
657253
3566
392106
261550
187524
285632
559688
9882
1169
173300
442581
152163
207855
444314
313336
332523
12859
5621
5671
43430
967056
396906
385335
2188
894230
22166
381840
88739
89197
138068
280814
409088
295836
1218
5297
61391
3581
241749
269091
304998
271126
137132
133479
79739
665863
890185
857625
388100
158600
212734
48
65197
126
2371
384172
193469
420079
235187
378583
655766
7848
605419
327861
170348
576272
592334
325364
4272
124992
367136
3949
2848
240515
324512
396362
504562
509661
2153
7537
89182
219177
363095
380528
413898
4426
540031
190
1861
633470
640
512347
96557
156783
61576
3087
306075
43
568738
117605
131170
723048
88151
406895
2512
94964
4735
9008
12363
394102
275995
671
120102
7225
458408
114261
19023
627978
619910
631634
831
145921
98793
8859
664420
4991
138329
550
468
27163
596
569649
22909
596709
325
245406
346271
610925
3578
587189
277762
692229
139588
2606
417222
382614
37882
23511
516054
279
444372
5673
536402
5561
386538
575
176006
14162
38972
45566
320211
371497
123608
1249
574561
576090
111529
672374
979
123298
287865
175396
657
138721
54729
125736
378272
120116
98873
81712
833898
4331
553816
343356
560166
814070
817861
541760
132944
79589
269734
274580
610883
3069
717975
465314
41159
356509
38068
27327
360858
943
2295
141460
67527
6781
5339
1523
533574
3606
64299
505076
2272
87158
635835
337871
196174
1330
172912
590767
209644
3050
4510
341884
2332
486837
1013
292790
382900
485986
2721
438281
272868
746072
162766
637024
105654
210176
617995
244930
789732
297904
122253
63752
261830
92886
1264
88886
70644
4336
485811
383011
374443
143173
411067
1019
179848
549752
777134
320194
164431
68645
525602
171007
79659
564
201398
382635
346742
815065
146362
716
233144
4201
812907
1293
804143
224036
187200
794104
165674
2404
132719
2061
94514
74966
29129
86422
386211
9450
38355
375725
265783
65235
69
392909
448143
234624
17418
79981
477189
901018
64257
5334
816506
126646
670799
355157
996
347535
2594
420344
385660
114705
330259
79683
1484
194556
136059
643346
743491
128234
8888
471944
2945
140319
149831
290816
631081
462303
128300
468164
198964
264
45639
196412
135487
4538
203439
6816
419747
20494
416481
357430
747882
451981
4496
195004
644
533713
5187
756432
465413
6242
14507
141138
321380
1624
39016
495551
7513
1129
6100
210242
359071
2877
791060
3159
528123
271453
43306
335573
51936
82823
137261
116742
796820
2676
201800
545267
194204
651167
40855
76876
508071
441856
644239
8504
487716
281514
95546
2380
459540
2779
377655
347507
5148
459970
511
867503
218775
754346
274689
9305
311529
122323
446681
3801
10733
788861
5364
80856
511128
368105
424699
428558
111808
76621
34630
384939
551322
4073
37316
8759
907
426268
661708
676798
192619
4488
210979
301024
61038
602414
168898
748132
4048
116263
287148
201256
166679
217213
230290
2900
200685
623708
204542
210771
516740
158860
360972
726736
66727
567034
175771
121366
265299
645626
377665
309541
90595
3931
16872
338479
238717
31624
451865
237822
287262
412297
251733
194470
264
647954
3686
657826
724614
1095
77218
419578
100
142720
355609
455
444402
340127
712086
585836
202660
94944
96691
193644
463508
1220
619489
670
5623
622831
641678
650734
198260
195673
872961
211838
240643
2666
678567
719042
251514
675158
785281
424749
162316
182263
177877
93418
581496
228424
36395
469226
278
183835
550089
422888
13300
1707
477519
68902
2645
37219
62737
3892
216087
2497
555872
730918
597262
93467
365211
169829
133446
633808
703677
202267
474456
114201
1765
589717
461488
209088
336058
429527
1939
289673
2610
147278
324838
445827
198204
566600
394005
197749
193062
494409
887
4262
1510
352518
2160
509070
759415
766547
54787
210231
561215
776560
443672
431353
1718
794195
95733
440790
1651
291698
231611
364
417744
922
855
523915
284733
302896
568
449896
918382
3700
762452
1038
583359
70367
468995
52337
23898
651407
770256
444324
2436
11867
73602
235487
207190
838521
24095
1500
426557
234745
542187
26809
9213
723185
606025
69258
550399
180938
452108
1848
345176
4441
213490
2321
248091
101795
219745
338329
499
38041
2532
206537
477857
14101
834644
258610
6629
4660
7101
481560
798027
138843
101467
374726
261893
937800
593
639268
63025
5684
130522
96204
4856
115710
184577
588074
742384
454949
129810
485020
307845
427103
156012
5587
442078
3110
161855
467319
550817
127445
66
2470
402255
371069
382164
3953
264846
284999
242052
250240
522409
841
454965
482780
4326
362540
72324
329909
2023
2002
240048
64695
238455
8526
220913
314171
39172
235346
29277
312883
2631
341033
3228
170910
159747
628288
119363
59810
672517
705274
24152
109731
7358
255720
7302
630470
522
760809
762528
792462
52423
509875
4229
296497
387186
5826
415415
2250
59585
2814
4513
68275
96656
60727
374264
427343
535018
352088
161381
351120
421938
369556
7147
561076
2529
104467
205989
107242
864
494357
145042
3747
268854
293608
693062
89336
45811
915
414536
2463
336118
271691
2766
5759
514987
78531
2367
189598
264613
161471
204782
167190
32762
519993
49593
537
372933
364072
172759
597408
443610
390298
805633
3092
415359
473523
860
640302
2157
174083
741
1552
378034
377654
454206
7045
937008
475646
395689
726797
1015
751817
860132
5792
295081
454
623592
285885
255766
133674
17240
305
10901
337950
745311
758730
7587
3821
333471
50163
76696
411551
472917
124845
318138
154769
154089
51763
903374
945229
857
897001
362806
570161
641153
62684
483037
734306
515
423924
492
62773
150682
433134
3713
844550
450108
411
344593
25679
123534
7032
222372
437460
313581
297368
442199
798754
669918
676640
832019
220571
598558
668941
359903
2120
255156
332436
577775
13185
672411
36432
413465
271569
178361
299344
155756
180
136469
513379
543010
586173
192813
6471
1359
348219
1486
396009
851590
186255
3106
59628
579
596500
98085
406764
87773
373533
114446
105237
4426
984
475719
19638
548959
5952
382059
4246
254771
157
185833
32213
463139
464266
152867
980
172989
134
329368
388290
346184
225758
447481
592920
6123
3347
894050
5887
614505
6112
670197
163711
104644
34221
226733
212625
136751
425
225082
2214
231524
170509
348
506687
201231
283344
353504
8432
2793
173709
224152
132481
455496
800991
1343
4006
61111
636884
499074
7937
589356
488597
980
507323
83417
79609
446435
268625
597988
129752
62925
476863
335508
541896
208132
388067
3244
75085
296851
532991
161132
63170
4591
34371
527101
50451
621170
4651
181160
492047
